STCOFF
116 224 0
0.500000 0.500000 0 32 32 32 0.250000 0.250000
0.500000 1.000000 0 32 32 32 0.250000 0.500000
1.000000 2.000000 0 32 32 32 0.500000 1.000000
1.500000 1.000000 0 32 32 32 0.750000 0.500000
1.500000 0.500000 0 32 32 32 0.750000 0.250000
1.000000 1.000000 0 32 32 32 0.500000 0.500000
0.741691 1.105868 0 32 32 32 0.370846 0.552934
0.596455 0.697960 0 32 32 32 0.298227 0.348980
0.734780 1.029738 0 32 32 32 0.367390 0.514869
0.543024 0.753485 0 32 32 32 0.271512 0.376743
1.149115 1.597584 0 32 32 32 0.574558 0.798792
1.147746 1.176386 0 32 32 32 0.573873 0.588193
1.244693 0.783433 0 32 32 32 0.622346 0.391716
0.868485 1.438428 0 32 32 32 0.434242 0.719214
0.986792 1.153788 0 32 32 32 0.493396 0.576894
0.946784 0.959524 0 32 32 32 0.473392 0.479762
1.008509 1.266157 0 32 32 32 0.504254 0.633079
1.144318 1.067914 0 32 32 32 0.572159 0.533957
1.311580 1.299238 0 32 32 32 0.655790 0.649619
1.122475 1.380567 0 32 32 32 0.561238 0.690284
0.707742 0.951869 0 32 32 32 0.353871 0.475935
1.344309 0.792146 0 32 32 32 0.672154 0.396073
0.725922 0.756062 0 32 32 32 0.362961 0.378031
0.727664 1.153548 0 32 32 32 0.363832 0.576774
0.758065 1.113080 0 32 32 32 0.379032 0.556540
1.102843 1.566824 0 32 32 32 0.551422 0.783412
0.796676 0.978167 0 32 32 32 0.398338 0.489084
0.924167 1.261787 0 32 32 32 0.462083 0.630894
0.585516 0.893723 0 32 32 32 0.292758 0.446862
0.988609 1.367788 0 32 32 32 0.494304 0.683894
0.737284 1.188273 0 32 32 32 0.368642 0.594137
0.988898 1.436090 0 32 32 32 0.494449 0.718045
1.179136 1.093273 0 32 32 32 0.589568 0.546636
0.598712 0.892807 0 32 32 32 0.299356 0.446403
0.835357 1.519592 0 32 32 32 0.417678 0.759796
0.994174 1.668578 0 32 32 32 0.497087 0.834289
1.390923 1.001245 0 32 32 32 0.695461 0.500622
1.000022 1.219883 0 32 32 32 0.500011 0.609942
1.305489 1.365082 0 32 32 32 0.652745 0.682541
0.682922 0.859898 0 32 32 32 0.341461 0.429949
1.000472 1.206633 0 32 32 32 0.500236 0.603316
0.542431 0.607168 0 32 32 32 0.271216 0.303584
1.159605 1.277892 0 32 32 32 0.579803 0.638946
1.300331 1.180697 0 32 32 32 0.650165 0.590348
0.932392 1.737971 0 32 32 32 0.466196 0.868985
0.583470 0.699757 0 32 32 32 0.291735 0.349878
0.673389 1.086407 0 32 32 32 0.336694 0.543203
0.560471 1.098887 0 32 32 32 0.280236 0.549443
1.026876 1.125199 0 32 32 32 0.513438 0.562600
1.156860 1.441960 0 32 32 32 0.578430 0.720980
0.791984 1.147477 0 32 32 32 0.395992 0.573738
0.989688 1.009240 0 32 32 32 0.494844 0.504620
0.769119 1.134253 0 32 32 32 0.384560 0.567127
0.801455 1.551648 0 32 32 32 0.400727 0.775824
1.166339 1.308690 0 32 32 32 0.583169 0.654345
1.198106 1.499792 0 32 32 32 0.599053 0.749896
0.678132 0.692022 0 32 32 32 0.339066 0.346011
1.499080 0.756682 0 32 32 32 0.749540 0.378341
0.690433 1.053375 0 32 32 32 0.345217 0.526687
1.144765 1.064408 0 32 32 32 0.572382 0.532204
0.690924 1.142379 0 32 32 32 0.345462 0.571190
0.884619 1.374480 0 32 32 32 0.442310 0.687240
0.751806 0.935661 0 32 32 32 0.375903 0.467830
1.117091 0.897921 0 32 32 32 0.558545 0.448961
1.230249 1.015816 0 32 32 32 0.615124 0.507908
1.317761 0.891092 0 32 32 32 0.658880 0.445546
0.925259 0.969078 0 32 32 32 0.462630 0.484539
0.661485 0.768149 0 32 32 32 0.330742 0.384075
1.098524 1.206386 0 32 32 32 0.549262 0.603193
1.195949 1.549832 0 32 32 32 0.597975 0.774916
0.568806 0.979400 0 32 32 32 0.284403 0.489700
1.030864 1.481669 0 32 32 32 0.515432 0.740834
0.907619 1.729972 0 32 32 32 0.453810 0.864986
1.031334 0.987719 0 32 32 32 0.515667 0.493859
1.278802 1.135179 0 32 32 32 0.639401 0.567590
0.590823 0.899707 0 32 32 32 0.295412 0.449854
0.653657 0.921508 0 32 32 32 0.326828 0.460754
0.940085 1.290714 0 32 32 32 0.470043 0.645357
0.957424 1.813057 0 32 32 32 0.478712 0.906529
1.018052 1.915434 0 32 32 32 0.509026 0.957717
0.789065 1.507712 0 32 32 32 0.394532 0.753856
0.754790 0.836060 0 32 32 32 0.377395 0.418030
0.844462 1.670779 0 32 32 32 0.422231 0.835390
1.102170 1.080157 0 32 32 32 0.551085 0.540078
0.962449 1.136524 0 32 32 32 0.481225 0.568262
0.960916 1.655240 0 32 32 32 0.480458 0.827620
0.841125 1.411084 0 32 32 32 0.420562 0.705542
0.688662 0.931247 0 32 32 32 0.344331 0.465624
1.183363 1.319890 0 32 32 32 0.591682 0.659945
0.925729 1.466664 0 32 32 32 0.462864 0.733332
1.147618 1.518525 0 32 32 32 0.573809 0.759263
1.107304 1.175207 0 32 32 32 0.553652 0.587603
0.958725 1.492917 0 32 32 32 0.479363 0.746459
1.270286 1.025327 0 32 32 32 0.635143 0.512664
1.162010 1.124238 0 32 32 32 0.581005 0.562119
0.756441 1.420191 0 32 32 32 0.378220 0.710096
1.082249 1.311109 0 32 32 32 0.541125 0.655555
1.369941 0.897169 0 32 32 32 0.684971 0.448584
0.979463 1.458975 0 32 32 32 0.489732 0.729488
1.044716 1.470967 0 32 32 32 0.522358 0.735484
1.043886 1.581570 0 32 32 32 0.521943 0.790785
0.904580 1.172559 0 32 32 32 0.452290 0.586280
0.865816 1.645257 0 32 32 32 0.432908 0.822628
1.127896 1.657971 0 32 32 32 0.563948 0.828985
0.692028 0.708311 0 32 32 32 0.346014 0.354156
1.025404 1.295516 0 32 32 32 0.512702 0.647758
1.361140 1.227280 0 32 32 32 0.680570 0.613640
0.893456 1.507147 0 32 32 32 0.446728 0.753573
1.241258 1.280079 0 32 32 32 0.620629 0.640039
0.742785 1.163603 0 32 32 32 0.371393 0.581802
1.187796 1.038842 0 32 32 32 0.593898 0.519421
1.236340 1.092061 0 32 32 32 0.618170 0.546031
1.183416 1.556071 0 32 32 32 0.591708 0.778036
0.830858 1.136464 0 32 32 32 0.415429 0.568232
0.770270 0.795581 0 32 32 32 0.385135 0.397790
1.321721 1.144882 0 32 32 32 0.660861 0.572441
3 107 34 13
3 24 52 23
3 48 14 84
3 47 53 82
3 102 34 107
3 5 51 15
3 78 79 2
3 71 100 92
3 66 113 26
3 56 41 0
3 16 77 27
3 69 38 2
3 7 9 45
3 46 6 60
3 26 81 66
3 65 21 97
3 8 58 20
3 81 114 66
3 81 39 22
3 70 58 46
3 62 81 26
3 62 87 39
3 76 87 20
3 20 62 8
3 52 109 23
3 61 30 27
3 52 24 113
3 6 8 24
3 102 72 82
3 28 70 1
3 84 113 66
3 24 26 113
3 16 105 77
3 23 60 6
3 68 40 48
3 37 16 27
3 78 2 82
3 103 69 2
3 79 103 2
3 103 35 100
3 68 105 16
3 51 83 48
3 68 16 37
3 91 68 48
3 55 49 38
3 15 66 114
3 40 14 48
3 40 37 27
3 74 11 94
3 94 91 83
3 94 83 17
3 51 48 84
3 110 32 59
3 32 94 17
3 36 65 97
3 9 7 67
3 1 9 28
3 0 41 9
3 67 33 9
3 41 45 9
3 67 56 104
3 41 7 45
3 41 56 7
3 56 5 104
3 67 39 33
3 0 5 56
3 22 39 67
3 114 22 104
3 114 81 22
3 9 33 28
3 76 20 58
3 56 67 7
3 104 22 67
3 39 87 76
3 39 81 62
3 8 62 26
3 20 87 62
3 114 5 15
3 59 17 83
3 24 8 26
3 6 58 8
3 50 52 113
3 60 30 95
3 75 76 70
3 58 6 46
3 33 75 28
3 33 39 76
3 70 76 58
3 75 33 76
3 75 70 28
3 9 1 0
3 70 46 47
3 80 53 95
3 1 70 47
3 46 60 47
3 52 50 109
3 101 50 113
3 86 13 80
3 101 27 50
3 30 60 23
3 24 23 6
3 109 30 23
3 50 30 109
3 13 34 80
3 78 82 72
3 47 60 95
3 86 80 95
3 53 47 95
3 34 53 80
3 82 1 47
3 34 102 53
3 2 1 82
3 30 61 95
3 61 13 86
3 72 102 85
3 82 53 102
3 61 29 31
3 85 102 107
3 85 44 72
3 35 103 78
3 44 78 72
3 44 35 78
3 100 85 92
3 107 13 89
3 92 85 107
3 35 44 85
3 92 98 71
3 89 13 61
3 95 61 86
3 77 29 61
3 92 89 98
3 92 107 89
3 40 101 14
3 27 30 50
3 40 27 101
3 77 61 27
3 101 84 14
3 101 113 84
3 40 68 37
3 111 74 94
3 99 29 19
3 29 77 105
3 108 38 88
3 71 98 31
3 96 29 105
3 31 89 61
3 42 96 68
3 19 29 96
3 99 71 31
3 98 89 31
3 29 99 31
3 100 35 85
3 99 25 71
3 25 103 100
3 69 103 10
3 79 78 103
3 49 99 19
3 25 100 71
3 90 25 99
3 10 103 25
3 49 90 99
3 112 10 90
3 90 10 25
3 112 69 10
3 90 69 112
3 38 3 2
3 90 49 55
3 108 42 11
3 90 55 69
3 88 19 54
3 55 38 69
3 18 106 38
3 88 54 42
3 19 96 54
3 49 88 38
3 49 19 88
3 96 42 54
3 68 11 42
3 42 108 88
3 43 106 18
3 108 18 38
3 106 3 38
3 108 43 18
3 36 93 65
3 106 43 115
3 108 11 43
3 74 93 115
3 32 17 59
3 74 111 93
3 32 110 111
3 43 74 115
3 43 11 74
3 111 94 32
3 11 91 94
3 51 5 73
3 83 91 48
3 11 68 91
3 96 105 68
3 59 63 110
3 110 64 111
3 83 73 59
3 64 93 111
3 59 73 63
3 65 93 64
3 73 83 51
3 66 51 84
3 66 15 51
3 63 64 110
3 104 5 114
3 65 64 63
3 63 12 65
3 12 21 65
3 115 93 36
3 57 4 3
3 115 36 3
3 97 21 57
3 115 3 106
3 36 97 3
3 97 57 3
3 21 12 4
3 21 4 57
3 5 63 73
3 5 4 63
3 63 4 12
